Establecimiento,Examenes,2020-04-09,2020-04-10,2020-04-11,2020-04-12,2020-04-13,2020-04-14,2020-04-15,2020-04-16,2020-04-17,2020-04-18,2020-04-19,2020-04-20,2020-04-21,2020-04-22,2020-04-23,2020-04-24,2020-04-25,2020-04-26,2020-04-27,2020-04-28,2020-04-29,2020-04-30,2020-05-01,2020-05-02,2020-05-03,2020-05-04,2020-05-05,2020-05-06,2020-05-07,2020-05-08,2020-05-09,2020-05-10,2020-05-11,2020-05-12,2020-05-13,2020-05-14,2020-05-15,2020-05-16,2020-05-17,2020-05-18,2020-05-19,2020-05-20,2020-05-21,2020-05-22,2020-05-23,2020-05-24,2020-05-25,2020-05-26,2020-05-27,2020-05-28
Instituto de salud pública,realizados,9597,10056,10424,10646,10861,11007,11186,11446,11704,12063,12248,12609,12838,13087,13420,13763,14130,14381,14623,14896,15239,15681,16144,16680,17229,17669,18206,18636,19836,20472,21276,21878,22461,23542,24239,25330,26266,27511,28860,29789,31366,33072,34455,35392,36886,38155,39599,40950,41870,42803
Hospitales público,realizados,34874,37086,39078,42035,43624,45265,46889,50837,53258,56358,58578,61640,63919,67290,70854,74609,78360,81708,84556,87485,90218,93626,97378,101519,105222,109158,112939,117156,121905,126551,131117,137284,142795,146747,150570,155863,162975,166097,172275,179351,186696,192548,198250,203858,209406,213785,219652,224214,231093,235326
Privados,realizados,23882,25655,26872,29590,30550,31522,33798,36141,38911,40470,42823,44578,45600,48345,50873,53895,56722,59886,62056,63784,67162,71210,75911,81201,83767,87304,90950,96316,102485,108938,115511,121522,128801,133051,138941,144224,152271,156717,162361,171871,179138,184049,193298,202843,211040,219818,228790,235961,241560,252044
Instituto de salud pública,informados ultimo dia,605,459,368,222,215,146,179,260,258,359,185,361,229,249,333,343,367,251,242,273,343,442,463,536,549,440,537,430,1200,636,804,602,583,1081,697,1091,936,1245,1349,929,1577,1706,1383,937,1494,1269,1444,1351,920,933
Hospitales público,informados ultimo dia,3420,2212,1992,2957,1589,1641,1624,3948,2421,3100,2220,3062,2279,3371,3564,3755,3751,3348,2848,2929,2733,3408,3752,4141,3703,3936,3781,4217,4749,4646,4566,6167,5511,3952,3823,5293,7112,3122,6178,7076,7345,5852,5702,5608,5548,4379,5954,4562,4911,6201
Privados,informados ultimo dia,3937,1773,1217,2718,960,972,2276,2343,2770,1559,2353,1755,1022,2745,2528,3022,2827,3164,2170,1728,3378,4048,4701,5290,2566,3537,3646,5366,6169,6453,6573,6011,7279,4250,5890,5118,8047,4446,5644,9510,7267,4911,9249,9545,8197,8778,8885,7171,7567,8516
Total realizados,realizados,68353,72797,76374,82271,85035,87794,91873,98424,103873,108891,113649,118827,122357,128722,135147,142267,149212,155975,161235,166165,172619,180517,189433,199400,206218,214131,222095,232108,244226,255961,267904,280684,294057,303340,313750,325417,341512,350325,363496,381011,397200,409669,426003,442093,457332,471758,488041,501125,514523,530173
Total informados ultimo dia,informados ultimo dia,7962,4444,3577,5897,2764,2759,4079,6551,5449,5018,4758,5178,3530,6365,6425,7120,6945,6763,5260,4930,6454,7898,8916,9967,6818,7913,7964,10013,12118,11735,11943,12780,13373,9283,10410,11502,16095,8813,13171,17515,16189,12469,16334,16090,15239,14426,16283,13084,13398,15650